[assist/metadata]
version = 9.0.4
modtime = 1683198761.736839000

[assist/ui]
version = 9.0.4
modtime = 1684246154.130766000

[assist/updates]
version = 9.0.4
modtime = 1686134042.144248000

[assist/supervisor]
version = 9.0.4
modtime = 1686134042.177173000
